26,4
26,3
26,2
26,1
26,0
25,5
25,4
25,3
25,2
25,1
25,0
24,5
24,4
24,3
24,2
24,1
24,0
21,7
21,6
21,5
21,4
21,3
21,2
21,1
21,0
18,18
18,17
18,16
18,15
18,14
18,13
18,12
18,11
18,10
18,9
18,8
18,7
18,6
18,5
18,4
18,3
18,2
18,1
18,0
17,5
17,4
17,3
17,2
17,1
17,0
8,4
8,3
8,2
8,1
8,0
7,2
5,3
5,2
5,1
5,0
4,2
3,6
3,5
3,4
3,3
3,2
3,1
3,0
2,7
2,6
2,4
2,2
1,2
0,444
0,443
0,442
0,441
0,440
0,439
0,409
0,408
0,381
0,368
0,350
0,347
0,346
2,1
2,5
2,3
2,0
1,1
1,3
1,0
4,1
4,3
0,322
4,0
0,319
0,243
30,6
30,17
30,16
30,1
30,15
30,3
30,0
7,1
7,3
7,0
0,9
0,310
0,305
0,308
0,304
0,303
0,302
0,307
0,12
0,10
0,8
0,0
0,365
0,300
0,423
0,299
0,432
0,298
0,430
0,297
0,361
0,296
0,317
0,295
0,315
0,294
0,402
0,293
0,376
0,292
0,313
0,291
0,375
0,290
0,348
0,289
0,377
0,288
0,373
0,287
0,404
0,286
0,403
0,285
0,433
0,284
0,446
0,283
0,311
0,282
0,445
0,281
0,396
0,280
0,320
0,279
0,374
0,278
0,344
0,277
0,371
0,276
0,383
0,275
27,0
27,1
27,3
27,4
28,1
28,2
28,4
30,4
30,5
30,8
30,9
30,11
30,13
30,14
30,19
32,0
32,2
32,3
32,5
33,1
33,2
33,4
33,5
34,1
34,3
34,4
34,6
34,7
35,0
35,1
35,3
36,1
36,2
36,4
36,5
37,0
37,2
37,3
38,0
38,1
38,3
38,4
39,0
39,2
39,3
40,0
40,1
40,3
41,1
41,2
41,4
41,5
41,7
41,9
42,0
42,2
42,3
42,5
42,6
42,8
42,10
42,11
43,1
43,2
43,3
43,0
42,9
42,7
42,4
42,1
41,8
41,6
41,3
41,0
40,2
39,4
39,1
38,5
38,2
37,4
37,1
36,6
36,3
36,0
35,2
34,8
34,5
34,2
34,0
33,3
33,0
32,4
32,1
30,18
30,12
30,10
30,7
30,2
28,3
28,0
27,2
0,372
0,274
0,345
0,273
0,392
0,272
0,369
0,271
0,390
0,270
0,391
0,269
0,340
0,268
0,336
0,267
0,318
0,266
0,362
0,265
0,327
0,264
0,314
0,263
0,422
0,262
0,360
0,261
0,352
0,260
0,447
0,259
0,258
0,386
0,257
0,420
0,256
0,401
0,255
0,429
0,254
0,359
0,253
0,435
0,252
0,417
0,251
0,349
0,250
0,419
0,249
0,415
0,248
0,370
0,247
0,436
0,246
0,358
0,245
0,338
0,244
0,425
0,242
0,426
0,241
0,406
0,240
0,428
0,239
0,366
0,238
0,389
0,237
0,398
0,236
0,334
0,235
0,332
0,234
0,395
0,233
0,301
0,232
0,388
0,231
0,364
0,230
0,343
0,229
0,412
0,228
0,363
0,227
0,312
0,226
0,437
0,225
0,399
0,224
0,427
0,223
0,355
0,222
0,411
0,221
0,323
0,220
0,416
0,219
0,333
0,218
0,328
0,217
0,353
0,216
0,215
0,351
0,214
0,414
0,213
0,316
0,212
0,387
0,211
0,418
0,210
0,384
0,209
0,421
0,208
0,326
0,207
0,329
0,206
0,325
0,205
0,204
0,413
0,203
0,339
0,202
0,306
0,201
0,385
0,200
0,407
0,199
0,379
0,198
0,394
0,197
0,324
0,196
0,342
0,195
0,331
0,194
0,335
0,193
0,431
0,192
0,330
0,63
0,309
0,62
0,400
0,61
0,337
0,60
0,410
0,59
0,367
0,58
0,321
0,57
0,341
0,56
0,424
0,55
0,378
0,54
0,357
0,53
0,405
0,52
0,434
0,51
0,397
0,50
0,382
0,49
0,380
0,48
0,438
0,47
0,356
0,46
0,393
0,45
0,354
0,6
0,5
0,1
0,11
0,4
0,2
0,3
0,7
